1001508
0411061
0983193
1174732
1210166
0083987
1193138
0458352
0401711
0961108
0344510
0418832
1139797
0376541
0903624
0154506
0947798
0945513
0120737
1562872
0109830
0086250
1229238
0800369
1515091
1261047
0242653
1605783
0421715
0365686
1345836
0448694
1504320
1723811
1352824
0234215
0343660
0378194
0936501
0265208
0110912
0356150
0293662
0970179
0110413
0240772
0371246
0068646
1598778
0878804
1049413
0765451
0822854
0478304
1235166
0093058
0050083
1436045
0307901
0472033
1197624
0268978
0295297
0373469
0066921
0473075
0183790
0270288
0757157
0822832
0317219
1496025
1054606
0241527
0208092
0335266
0319061
0830515
1019452
0268380
0241303
1119646
1315981
1270798
0257360
0268126
0838247
0367479
0181689
0167261
1014759
1022603
0120735
0074119
0350261
0118636
0848542
0119822
0449467
0477302
0976051
0115639
0101414
0372784
0114369
0942385
0400234
0086979
0090756
0181316
1655442
0118749
0443456
0037558
1032755
0204946
0388795
0162222
1035736
0848228
0824747
0367594
1024715
0407887
0783233
0497465
0352248
0159365
0351283
0119217
0369339
0327597
0110357
0112818
0190332
0465502
0371746
0405094
0375679
1433810
0038650
0381061
0910970
1111890
0246578
0126029
0468569
0102138
0918927
0458339
0452694
1226273
1645170
0215750
0102926
1306980
0780536
0133093
0297884
0116282
0137523
0308644
0347246
0346314
0288477
1352370
0123865
0172493
0172495
0433383
0993842
0433387
0211915
0146882
0315983
0251127
0892769
1375666
0361748
0494238
1057500
1228705
0251160
0116743
0266697
1103153
0119488
0758758
1263670
1080016
0438488
1041829
0320691
0780653
0800320
0988045
0489099
0441773
0481369
0434409
0465494
0338526
0493464
1231583
1235189
1033575
0478311
